5.191093110257546,0.2465331278890601
